2.031200000000000045e+02
2.040099999999999909e+02
2.066999999999999886e+02
2.082800000000000011e+02
2.094300000000000068e+02
2.105099999999999909e+02
2.108100000000000023e+02
2.110099999999999909e+02
2.117299999999999898e+02
2.120900000000000034e+02
2.165900000000000034e+02
2.167500000000000000e+02
2.254300000000000068e+02
2.290399999999999920e+02
2.307199999999999989e+02
2.320000000000000000e+02
2.326200000000000045e+02
2.334399999999999977e+02
2.340999999999999943e+02
2.381100000000000136e+02
2.443199999999999932e+02
2.449099999999999966e+02
2.554900000000000091e+02
2.630699999999999932e+02
2.756600000000000250e+02
2.810799999999999841e+02
2.826899999999999977e+02
