5.600000000000000533e-01
1.050000000000000044e+00
1.149999999999999911e+00
3.060000000000000053e+00
3.879999999999999893e+00
3.910000000000000142e+00
4.530000000000000249e+00
4.570000000000000284e+00
4.799999999999999822e+00
5.259999999999999787e+00
5.910000000000000142e+00
6.269999999999999574e+00
6.570000000000000284e+00
7.360000000000000320e+00
8.050000000000000711e+00
8.609999999999999432e+00
9.029999999999999361e+00
9.330000000000000071e+00
9.689999999999999503e+00
9.720000000000000639e+00
1.044999999999999929e+01
1.050999999999999979e+01
1.067999999999999972e+01
1.192999999999999972e+01
1.206000000000000050e+01
1.260999999999999943e+01
1.283999999999999986e+01
1.326999999999999957e+01
1.357000000000000028e+01
1.402999999999999936e+01
1.406000000000000050e+01
1.435999999999999943e+01
1.441999999999999993e+01
1.616000000000000014e+01
1.685000000000000142e+01
1.773999999999999844e+01
1.807000000000000028e+01
1.853000000000000114e+01
1.862999999999999901e+01
1.942000000000000171e+01
1.967999999999999972e+01
2.062999999999999901e+01
2.128999999999999915e+01
2.280000000000000071e+01
2.282999999999999829e+01
2.335999999999999943e+01
2.423999999999999844e+01
2.519999999999999929e+01
2.641000000000000014e+01
2.792000000000000171e+01
2.819000000000000128e+01
2.946999999999999886e+01
3.213000000000000256e+01
3.268999999999999773e+01
3.350999999999999801e+01
3.432999999999999829e+01
3.446000000000000085e+01
3.485999999999999943e+01
3.504999999999999716e+01
3.525000000000000000e+01
3.586999999999999744e+01
3.665999999999999659e+01
3.752000000000000313e+01
3.824000000000000199e+01
3.860000000000000142e+01
4.040999999999999659e+01
4.057000000000000028e+01
4.074000000000000199e+01
4.146000000000000085e+01
4.488000000000000256e+01
4.678000000000000114e+01
4.815999999999999659e+01
4.854999999999999716e+01
4.910999999999999943e+01
5.099000000000000199e+01
5.186999999999999744e+01
5.345000000000000284e+01
5.417000000000000171e+01
5.657000000000000028e+01
5.995000000000000284e+01
6.060999999999999943e+01
6.192999999999999972e+01
6.215999999999999659e+01
6.375999999999999801e+01
6.415999999999999659e+01
6.471999999999999886e+01
6.540999999999999659e+01
6.593000000000000682e+01
6.681999999999999318e+01
6.689000000000000057e+01
6.757999999999999829e+01
6.856000000000000227e+01
7.125000000000000000e+01
7.381999999999999318e+01
7.460999999999999943e+01
7.634999999999999432e+01
8.042000000000000171e+01
8.095000000000000284e+01
8.459000000000000341e+01
8.471999999999999886e+01
8.495000000000000284e+01
8.537999999999999545e+01
8.623999999999999488e+01
8.676000000000000512e+01
8.850000000000000000e+01
9.529999999999999716e+01
1.011500000000000057e+02
1.019099999999999966e+02
1.063700000000000045e+02
1.064699999999999989e+02
1.087399999999999949e+02
1.236899999999999977e+02
1.502299999999999898e+02
1.520000000000000000e+02
1.709600000000000080e+02
